2115
375
6114
4515
4415
6337
4131
4031
4637
2030
5037
675
4137
2037
5837
3037
5637
6031
2321
1718
718
2318
5911
2618
2518
1117
418
2217
417
6611
6711
2117
6019
1317
2921
1417
2218
2017
6819
518
1218
5704
6204
4602
5002
3004
5702
7906
4404
2604
5602
5502
6306
2501
2201
7006
5402
3604
6004
8606
7504
5202
6304
8406
1901
5404
9006
3904
2804
4502
4902
6604
5806
7104
201
4802
3704
1406
4904
7304
2802
8706
4702
6504
8806
6206
9604
9704
9804
9904
7204
5204
3804
9306
7406
706
6506
6906
8206
8906
6104
9206
575
5206
7306
3210
4202
1075
5004
3402
4302
775
7404
5804
2440
1642
2237
3237
1544
2640
645
1942
844
944
1641
1941
1944
2341
2641
1844
1742
2075
2044
542
2441
441
1443
2340
2241
2042
1543
2041
1043
9641
9741
9942
9940
1575
5737
1042
2242
2342
199
1242
1143
6623
3524
7923
3723
1823
3923
2523
7523
9223
532
5623
1923
1332
7775
175
2821
1875
2628
2828
2528
2225
2018
2227
2126
2226
1425
1225
2521
3127
2121
4527
2026
2221
1925
2719
2626
2726
2721
9827
4827
3027
2526
5527
275
5427
1819
1725
3021
1609
2009
4105
6006
3605
1205
4905
509
1705
4505
1803
1909
4705
405
5305
3905
1605
1903
603
1603
3205
705
5205
2710
3410
3010
9005
8905
9103
9203
9303
9403
9503
9406
4605
1103
1509
1209
3705
2275
703
6414
7014
3823
5414
8123
10023
6714
7214
5323
8423
9323
8823
4113
5214
5013
6514
6814
4513
5613
6912
9612
5514
5912
4913
4413
5313
3222
5513
4213
3513
3937
5937
6137
6237
1936
1829
1729
1637
3336
2236
3140
3310
6411
2610
6311
5919
4911
6419
6211
6511
5306
5711
4811
5111
6111
6011
7229
4929
6829
2638
1838
3338
538
5780
9938
2938
1338
3438
3538
3735
5535
4835
2834
5727
1834
5627
4535
2375
4235
3035
5035
2175
2426
2635
5227
1934
2734
2826
2335
2334
2435
5127
1926
4935
4135
4635
1233
1033
1733
833
1175
3335
4927
1433
5827
2332
2532
5931
1375
5631
2632
5131
3038
5531
2432
5231
2931
5031
2038
6437
5537
839
3638
639
739
4237
3637
5437
7429
4831
3431
6314
3422
3522
1519
2928
6729
5229
1529
5729
6129
6929
4129
1128
1975
5829
6329
2736
4036
4136
3836
3135
5435
3436
5735
3040
3036
2636
9936
1275
2936
3936
8612
5012
9312
4612
6412
6812
2012
7612
5512
8112
7019
4112
7112
5406
1475
9512
9112
6719
6712
6312
5819
6919
6119
4819
8712
7412
5506
8106
1407
2307
1107
2107
8006
1507
9106
4006
9907
907
8912
8212
1807
6406
7706
2207
1812
4106
4629
1929
2731
5731
1130
2230
5331
4631
875
4331
3022
1108
4615
4215
1116
5715
5415
1616
908
4015
4715
108
5615
1816
4514
1775
4115
1416
5714
1308
1208
4815
3415
3324
3924
3124
2820
3824
8623
5015
4124
2415
3223
2824
1420
4024
3624
19023
9220
9420
9820
19323
19523
8720
9520
19723
820
2724
2420
1024
2520
62091
62092
62093
62094
62095
